equipped_tool -1
e 11 2496 640 62 62 "0.000000" 
e 11 2368 576 62 62 "0.000000" 
e 4 1883.95 63.5499 58 34 "1" 
e 8 3105 -11 188 252 "8" "4" "3" "0" "3199.000000" "241.000000" 
e 4 429 246.4 48 44 "2" 
e 9 1066 128 184 182 "9" "4" "3" "0" "1158.000000" "310.000000" 
e 9 242 165 188 190 "9" "6" "3" "4" "336.000000" "355.000000" 
e 4 3050.4 330.05 58 34 "1" 
e 9 2321 235 120 146 "9" "3" "2" "0" "2381.000000" "381.000000" 
e 9 2672 293 184 182 "9" "4" "3" "0" "2764.000000" "475.000000" 
e 8 2064 247 190 252 "8" "5" "3" "0" "2159.000000" "499.000000" 
e 8 3069 546 42 50 "8" "1" "1" "0" "3090.000000" "596.000000" 
e 8 111 530 156 164 "8" "3" "2" "0" "189.000000" "694.000000" 
e 9 3257 652 42 46 "9" "1" "1" "0" "3278.000000" "698.000000" 
e 8 847 556 188 254 "8" "6" "3" "4" "941.000000" "810.000000" 
e 4 2233 820.6 58 34 "1" 
e 8 2802 668 190 252 "8" "5" "3" "0" "2897.000000" "920.000000" 
e 8 1272 674 188 252 "8" "4" "3" "0" "1366.000000" "926.000000" 
e 8 2056 696 188 254 "8" "6" "3" "4" "2150.000000" "950.000000" 
e 2 2263.86 991.42 54 54 
e 4 1289.6 955.45 92 64 "3" 
e 9 188 850 188 188 "9" "5" "3" "0" "282.000000" "1038.000000" 
e 10 2373.7 826.3 310 232 "0" 
e 4 3453 1088.1 92 64 "0" 
e 9 3228 1030 188 188 "9" "5" "3" "0" "3322.000000" "1218.000000" 
e 9 635 1064 188 188 "9" "5" "3" "0" "729.000000" "1252.000000" 
e 9 2582 1196 188 190 "9" "6" "3" "4" "2676.000000" "1386.000000" 
e 4 270.6 1355.05 58 34 "1" 
e 9 3502 1390 66 104 "9" "2" "1" "0" "3535.000000" "1494.000000" 
e 4 2625.5 1475.6 92 64 "0" 
e 8 2380 1373 190 252 "8" "5" "3" "0" "2475.000000" "1625.000000" 
e 8 1641 1572 90 96 "8" "2" "1" "0" "1686.000000" "1668.000000" 
e 8 1090 1503 188 252 "8" "4" "3" "0" "1184.000000" "1755.000000" 
e 9 182 1600 120 146 "9" "3" "2" "0" "242.000000" "1746.000000" 
e 4 1762.5 1713.15 48 44 "2" 
e 4 830.5 1763.1 92 64 "0" 
e 8 2911 1680 156 164 "8" "3" "2" "0" "2989.000000" "1844.000000" 
e 8 3367 1641 188 252 "8" "4" "3" "0" "3461.000000" "1893.000000" 
e 9 2150 1730 188 190 "9" "6" "3" "4" "2244.000000" "1920.000000" 
e 4 2070.5 2041.8 58 34 "1" 
e 4 3532.05 2056.25 48 44 "2" 
e 4 1409.7 2238.5 48 44 "2" 
e 9 84 2136 184 182 "9" "4" "3" "0" "176.000000" "2318.000000" 
e 9 3184 2160 188 190 "9" "6" "3" "4" "3278.000000" "2350.000000" 
e 4 488.4 2390.2 48 44 "2" 
e 8 2436 2408 188 252 "8" "4" "3" "0" "2530.000000" "2660.000000" 
e 9 1276 2561 188 188 "9" "5" "3" "0" "1370.000000" "2749.000000" 
e 4 3583.75 2843.5 48 44 "2" 
e 9 -7 2701 188 188 "9" "5" "3" "0" "87.000000" "2889.000000" 
e 9 577 2754 188 188 "9" "5" "3" "0" "671.000000" "2942.000000" 
e 8 3196 2738 188 252 "8" "4" "3" "0" "3290.000000" "2990.000000" 
e 4 1280.2 3048.8 58 34 "1" 
e 4 259 3122.8 58 34 "1" 
e 9 1143 3183 184 182 "9" "4" "3" "0" "1235.000000" "3365.000000" 
e 4 2664 3433.6 58 34 "1" 
e 9 689 3291 184 182 "9" "4" "3" "0" "781.000000" "3473.000000" 
e 4 1964.7 3614.9 48 44 "2" 
[TILE_MAP]
60
60
1 0 0 0 , 1 0 0 0 , 1 0 0 0 , 1 0 0 0 , 1 0 0 0 , 1 0 0 0 , 5 0 0 0 , 5 0 0 0 , 5 0 0 0 , 5 0 0 0 , 5 0 0 0 , 5 0 0 0 , 5 0 0 0 , 5 0 0 0 , 5 0 0 0 , 5 0 0 0 , 1 0 0 0 , 1 0 0 0 , 1 0 0 0 , 1 0 0 0 , 1 0 0 0 , 1 0 0 0 , 1 0 0 0 , 1 0 0 0 , 3 0 0 0 , 3 0 0 0 , 3 0 0 0 , 5 0 0 0 , 5 0 0 0 , 5 0 0 0 , 5 0 0 0 , 5 0 0 0 , 1 0 0 0 , 1 0 0 0 , 1 0 0 0 , 1 0 0 0 , 1 0 0 0 , 1 0 0 0 , 1 0 0 0 , 1 0 0 0 , 1 0 0 0 , 1 0 0 0 , 1 0 0 0 , 1 0 0 0 , 1 0 0 0 , 1 0 0 0 , 1 0 0 0 , 1 0 0 0 , 1 0 0 0 , 1 0 0 0 , 1 0 0 0 , 1 0 0 0 , 1 0 0 0 , 1 0 0 0 , 1 0 0 0 , 1 0 0 0 , 1 0 0 0 , 1 0 0 0 , 1 0 0 0 , 1 0 0 0 , 1 0 0 0 , 1 0 0 0 , 1 0 0 0 , 1 0 0 0 , 1 0 0 0 , 1 0 0 0 , 5 0 0 0 , 5 0 0 0 , 5 0 0 0 , 5 0 0 0 , 5 0 0 0 , 5 0 0 0 , 5 0 0 0 , 5 0 0 0 , 5 0 0 0 , 5 0 0 0 , 1 0 0 0 , 1 0 0 0 , 1 0 0 0 , 1 0 0 0 , 1 0 0 0 , 1 0 0 0 , 1 0 0 0 , 1 0 0 0 , 3 0 0 0 , 3 0 0 0 , 3 0 0 0 , 5 0 0 0 , 5 0 0 0 , 5 0 0 0 , 5 0 0 0 , 5 0 0 0 , 1 0 0 0 , 1 0 0 0 , 1 0 0 0 , 1 0 0 0 , 1 0 0 0 , 1 0 0 0 , 1 0 0 0 , 1 0 0 0 , 1 0 0 0 , 1 0 0 0 , 1 0 0 0 , 1 0 0 0 , 1 0 0 0 , 1 0 0 0 , 1 0 0 0 , 1 0 0 0 , 1 0 0 0 , 1 0 0 0 , 1 0 0 0 , 1 0 0 0 , 1 0 0 0 , 1 0 0 0 , 1 0 0 0 , 1 0 0 0 , 1 0 0 0 , 1 0 0 0 , 1 0 0 0 , 1 0 0 0 , 1 0 0 0 , 1 0 0 0 , 1 0 0 0 , 1 0 0 0 , 1 0 0 0 , 1 0 0 0 , 1 0 0 0 , 5 0 0 0 , 5 0 0 0 , 5 0 0 0 , 5 0 0 0 , 5 0 0 0 , 5 0 0 0 , 5 0 0 0 , 5 0 0 0 , 1 0 0 0 , 1 0 0 0 , 1 0 0 0 , 1 0 0 0 , 1 0 0 0 , 1 0 0 0 , 1 0 0 0 , 1 0 0 0 , 1 0 0 0 , 3 0 0 0 , 3 0 0 0 , 5 0 0 0 , 5 0 0 0 , 5 0 0 0 , 5 0 0 0 , 5 0 0 0 , 1 0 0 0 , 1 0 0 0 , 1 0 0 0 , 1 0 0 0 , 1 0 0 0 , 1 0 0 0 , 1 0 0 0 , 1 0 0 0 , 1 0 0 0 , 1 0 0 0 , 1 0 0 0 , 1 0 0 0 , 1 0 0 0 , 1 0 0 0 , 1 0 0 0 , 1 0 0 0 , 1 0 0 0 , 1 0 0 0 , 1 0 0 0 , 1 0 0 0 , 1 0 0 0 , 1 0 0 0 , 1 0 0 0 , 5 0 0 0 , 1 0 0 0 , 1 0 0 0 , 1 0 0 0 , 1 0 0 0 , 1 0 0 0 , 1 0 0 0 , 1 0 0 0 , 1 0 0 0 , 1 0 0 0 , 1 0 0 0 , 1 0 0 0 , 1 0 0 0 , 1 0 0 0 , 1 0 0 0 , 5 0 0 0 , 5 0 0 0 , 5 0 0 0 , 5 0 0 0 , 5 0 0 0 , 5 0 0 0 , 1 0 0 0 , 1 0 0 0 , 1 0 0 0 , 1 0 0 0 , 1 0 0 0 , 1 0 0 0 , 1 0 0 0 , 1 0 0 0 , 3 0 0 0 , 3 0 0 0 , 3 0 0 0 , 5 0 0 0 , 5 0 0 0 , 5 0 0 0 , 5 0 0 0 , 5 0 0 0 , 1 0 0 0 , 1 0 0 0 , 1 0 0 0 , 1 0 0 0 , 1 0 0 0 , 1 0 0 0 , 1 0 0 0 , 1 0 0 0 , 1 0 0 0 , 1 0 0 0 , 1 0 0 0 , 1 0 0 0 , 1 0 0 0 , 1 0 0 0 , 1 0 0 0 , 1 0 0 0 , 1 0 0 0 , 1 0 0 0 , 1 0 0 0 , 1 0 0 0 , 1 0 0 0 , 1 0 0 0 , 1 0 0 0 , 5 0 0 0 , 5 0 0 0 , 1 0 0 0 , 1 0 0 0 , 1 0 0 0 , 1 0 0 0 , 1 0 0 0 , 1 0 0 0 , 1 0 0 0 , 1 0 0 0 , 1 0 0 0 , 1 0 0 0 , 1 0 0 0 , 1 0 0 0 , 1 0 0 0 , 1 0 0 0 , 1 0 0 0 , 5 0 0 0 , 5 0 0 0 , 1 0 0 0 , 1 0 0 0 , 1 0 0 0 , 1 0 0 0 , 1 0 0 0 , 1 0 0 0 , 1 0 0 0 , 1 0 0 0 , 1 0 0 0 , 1 0 0 0 , 3 0 0 0 , 3 0 0 0 , 3 0 0 0 , 5 0 0 0 , 5 0 0 0 , 5 0 0 0 , 5 0 0 0 , 1 0 0 0 , 1 0 0 0 , 1 0 0 0 , 1 0 0 0 , 1 0 0 0 , 1 0 0 0 , 1 0 0 0 , 1 0 0 0 , 1 0 0 0 , 1 0 0 0 , 1 0 0 0 , 1 0 0 0 , 1 0 0 0 , 1 0 0 0 , 1 0 0 0 , 1 0 0 0 , 1 0 0 0 , 1 0 0 0 , 1 0 0 0 , 1 0 0 0 , 1 0 0 0 , 1 0 0 0 , 1 0 0 0 , 1 0 0 0 , 5 0 0 0 , 5 0 0 0 , 5 0 0 0 , 1 0 0 0 , 1 0 0 0 , 1 0 0 0 , 1 0 0 0 , 1 0 0 0 , 1 0 0 0 , 1 0 0 0 , 1 0 0 0 , 1 0 0 0 , 1 0 0 0 , 1 0 0 0 , 1 0 0 0 , 1 0 0 0 , 1 0 0 0 , 1 0 0 0 , 1 0 0 0 , 1 0 0 0 , 1 0 0 0 , 1 0 0 0 , 1 0 0 0 , 1 0 0 0 , 1 0 0 0 , 1 0 0 0 , 1 0 0 0 , 1 0 0 0 , 3 0 0 0 , 3 0 0 0 , 3 0 0 0 , 3 0 0 0 , 5 0 0 0 , 5 0 0 0 , 5 0 0 0 , 1 0 0 0 , 1 0 0 0 , 1 0 0 0 , 1 0 0 0 , 1 0 0 0 , 1 0 0 0 , 1 0 0 0 , 1 0 0 0 , 1 0 0 0 , 1 0 0 0 , 1 0 0 0 , 5 0 0 0 , 5 0 0 0 , 1 0 0 0 , 1 0 0 0 , 1 0 0 0 , 1 0 0 0 , 1 0 0 0 , 1 0 0 0 , 1 0 0 0 , 1 0 0 0 , 1 0 0 0 , 1 0 0 0 , 1 0 0 0 , 5 0 0 0 , 5 0 0 0 , 5 0 0 0 , 5 0 0 0 , 5 0 0 0 , 1 0 0 0 , 1 0 0 0 , 1 0 0 0 , 1 0 0 0 , 1 0 0 0 , 1 0 0 0 , 1 0 0 0 , 1 0 0 0 , 1 0 0 0 , 1 0 0 0 , 1 0 0 0 , 1 0 0 0 , 1 0 0 0 , 1 0 0 0 , 1 0 0 0 , 1 0 0 0 , 1 0 0 0 , 1 0 0 0 , 1 0 0 0 , 1 0 0 0 , 1 0 0 0 , 1 0 0 0 , 1 0 0 0 , 1 0 0 0 , 3 0 0 0 , 3 0 0 0 , 3 0 0 0 , 5 0 0 0 , 5 0 0 0 , 5 0 0 0 , 1 0 0 0 , 1 0 0 0 , 1 0 0 0 , 1 0 0 0 , 1 0 0 0 , 1 0 0 0 , 1 0 0 0 , 1 0 0 0 , 1 0 0 0 , 1 0 0 0 , 5 0 0 0 , 5 0 0 0 , 5 0 0 0 , 5 0 0 0 , 5 0 0 0 , 5 0 0 0 , 5 0 0 0 , 1 0 0 0 , 1 0 0 0 , 1 0 0 0 , 1 0 0 0 , 1 0 0 0 , 1 0 0 0 , 1 0 0 0 , 1 0 0 0 , 5 0 0 0 , 5 0 0 0 , 5 0 0 0 , 5 0 0 0 , 5 0 0 0 , 1 0 0 0 , 1 0 0 0 , 1 0 0 0 , 1 0 0 0 , 1 0 0 0 , 1 0 0 0 , 1 0 0 0 , 1 0 0 0 , 1 0 0 0 , 1 0 0 0 , 1 0 0 0 , 1 0 0 0 , 1 0 0 0 , 1 0 0 0 , 1 0 0 0 , 1 0 0 0 , 1 0 0 0 , 1 0 0 0 , 1 0 0 0 , 1 0 0 0 , 1 0 0 0 , 1 0 0 0 , 1 0 0 0 , 1 0 0 0 , 3 0 0 0 , 3 0 0 0 , 3 0 0 0 , 5 0 0 0 , 1 0 0 0 , 1 0 0 0 , 1 0 0 0 , 1 0 0 0 , 1 0 0 0 , 1 0 0 0 , 1 0 0 0 , 1 0 0 0 , 1 0 0 0 , 1 0 0 0 , 1 0 0 0 , 5 0 0 0 , 5 0 0 0 , 5 0 0 0 , 5 0 0 0 , 5 0 0 0 , 5 0 0 0 , 5 0 0 0 , 5 0 0 0 , 1 0 0 0 , 1 0 0 0 , 1 0 0 0 , 1 0 0 0 , 1 0 0 0 , 1 0 0 0 , 1 0 0 0 , 1 0 0 0 , 1 0 0 0 , 1 0 0 0 , 5 0 0 0 , 5 0 0 0 , 5 0 0 0 , 1 0 0 0 , 1 0 0 0 , 1 0 0 0 , 1 0 0 0 , 1 0 0 0 , 1 0 0 0 , 1 0 0 0 , 1 0 0 0 , 1 0 0 0 , 1 0 0 0 , 1 0 0 0 , 1 0 0 0 , 1 0 0 0 , 1 0 0 0 , 1 0 0 0 , 1 0 0 0 , 1 0 0 0 , 1 0 0 0 , 1 0 0 0 , 1 0 0 0 , 1 0 0 0 , 1 0 0 0 , 1 0 0 0 , 1 0 0 0 , 3 0 0 0 , 3 0 0 0 , 3 0 0 0 , 1 0 0 0 , 1 0 0 0 , 1 0 0 0 , 1 0 0 0 , 1 0 0 0 , 1 0 0 0 , 1 0 0 0 , 1 0 0 0 , 1 0 0 0 , 1 0 0 0 , 1 0 0 0 , 1 0 0 0 , 5 0 0 0 , 5 0 0 0 , 5 0 0 0 , 5 0 0 0 , 5 0 0 0 , 5 0 0 0 , 1 0 0 0 , 1 0 0 0 , 1 0 0 0 , 1 0 0 0 , 1 0 0 0 , 1 0 0 0 , 1 0 0 0 , 1 0 0 0 , 1 0 0 0 , 1 0 0 0 , 1 0 0 0 , 1 0 0 0 , 1 0 0 0 , 1 0 0 0 , 1 0 0 0 , 1 0 0 0 , 1 0 0 0 , 1 0 0 0 , 1 0 0 0 , 1 0 0 0 , 1 0 0 0 , 1 0 0 0 , 1 0 0 0 , 1 0 0 0 , 1 0 0 0 , 1 0 0 0 , 1 0 0 0 , 1 0 0 0 , 1 0 0 0 , 1 0 0 0 , 1 0 0 0 , 1 0 0 0 , 1 0 0 0 , 1 0 0 0 , 1 0 0 0 , 1 0 0 0 , 1 0 0 0 , 1 0 0 0 , 1 0 0 0 , 3 0 0 0 , 3 0 0 0 , 3 0 0 0 , 3 0 0 0 , 1 0 0 0 , 1 0 0 0 , 1 0 0 0 , 1 0 0 0 , 1 0 0 0 , 1 0 0 0 , 1 0 0 0 , 1 0 0 0 , 1 0 0 0 , 1 0 0 0 , 5 0 0 0 , 5 0 0 0 , 5 0 0 0 , 5 0 0 0 , 5 0 0 0 , 1 0 0 0 , 1 0 0 0 , 1 0 0 0 , 1 0 0 0 , 1 0 0 0 , 1 0 0 0 , 1 0 0 0 , 1 0 0 0 , 1 0 0 0 , 1 0 0 0 , 1 0 0 0 , 1 0 0 0 , 1 0 0 0 , 1 0 0 0 , 1 0 0 0 , 1 0 0 0 , 1 0 0 0 , 1 0 0 0 , 1 0 0 0 , 1 0 0 0 , 1 0 0 0 , 1 0 0 0 , 1 0 0 0 , 1 0 0 0 , 1 0 0 0 , 1 0 0 0 , 1 0 0 0 , 1 0 0 0 , 1 0 0 0 , 1 0 0 0 , 1 0 0 0 , 1 0 0 0 , 1 0 0 0 , 1 0 0 0 , 1 0 0 0 , 1 0 0 0 , 1 0 0 0 , 1 0 0 0 , 1 0 0 0 , 1 0 0 0 , 1 0 0 0 , 3 0 0 0 , 3 0 0 0 , 3 0 0 0 , 3 0 0 0 , 1 0 0 0 , 1 0 0 0 , 1 0 0 0 , 1 0 0 0 , 1 0 0 0 , 1 0 0 0 , 1 0 0 0 , 1 0 0 0 , 1 0 0 0 , 1 0 0 0 , 5 0 0 0 , 5 0 0 0 , 5 0 0 0 , 5 0 0 0 , 5 0 0 0 , 1 0 0 0 , 1 0 0 0 , 1 0 0 0 , 1 0 0 0 , 1 0 0 0 , 1 0 0 0 , 1 0 0 0 , 2 0 0 0 , 2 0 0 0 , 2 0 0 0 , 2 0 0 0 , 2 0 0 0 , 1 0 0 0 , 1 0 0 0 , 1 0 0 0 , 1 0 0 0 , 1 0 0 0 , 1 0 0 0 , 1 0 0 0 , 1 0 0 0 , 1 0 0 0 , 1 0 0 0 , 1 0 0 0 , 1 0 0 0 , 1 0 0 0 , 1 0 0 0 , 1 0 0 0 , 1 0 0 0 , 1 0 0 0 , 1 0 0 0 , 1 0 0 0 , 1 0 0 0 , 1 0 0 0 , 1 0 0 0 , 1 0 0 0 , 1 0 0 0 , 1 0 0 0 , 1 0 0 0 , 1 0 0 0 , 1 0 0 0 , 1 0 0 0 , 1 0 0 0 , 3 0 0 0 , 3 0 0 0 , 3 0 0 0 , 3 0 0 0 , 1 0 0 0 , 1 0 0 0 , 1 0 0 0 , 1 0 0 0 , 1 0 0 0 , 1 0 0 0 , 1 0 0 0 , 1 0 0 0 , 5 0 0 0 , 5 0 0 0 , 5 0 0 0 , 5 0 0 0 , 5 0 0 0 , 5 0 0 0 , 5 0 0 0 , 1 0 0 0 , 1 0 0 0 , 1 0 0 0 , 1 0 0 0 , 1 0 0 0 , 2 0 0 0 , 2 0 0 0 , 2 0 0 0 , 2 0 0 0 , 2 0 0 0 , 2 0 0 0 , 2 0 0 0 , 1 0 0 0 , 1 0 0 0 , 1 0 0 0 , 1 0 0 0 , 1 0 0 0 , 1 0 0 0 , 1 0 0 0 , 1 0 0 0 , 1 0 0 0 , 1 0 0 0 , 1 0 0 0 , 1 0 0 0 , 1 0 0 0 , 1 0 0 0 , 1 0 0 0 , 1 0 0 0 , 1 0 0 0 , 1 0 0 0 , 1 0 0 0 , 1 0 0 0 , 1 0 0 0 , 1 0 0 0 , 1 0 0 0 , 1 0 0 0 , 1 0 0 0 , 1 0 0 0 , 1 0 0 0 , 1 0 0 0 , 1 0 0 0 , 3 0 0 0 , 3 0 0 0 , 3 0 0 0 , 3 0 0 0 , 1 0 0 0 , 1 0 0 0 , 1 0 0 0 , 1 0 0 0 , 1 0 0 0 , 1 0 0 0 , 1 0 0 0 , 1 0 0 0 , 1 0 0 0 , 1 0 0 0 , 1 0 0 0 , 5 0 0 0 , 5 0 0 0 , 5 0 0 0 , 1 0 0 0 , 1 0 0 0 , 1 0 0 0 , 1 0 0 0 , 1 0 0 0 , 2 0 0 0 , 2 0 0 0 , 2 0 0 0 , 3 0 0 0 , 3 0 0 0 , 3 0 0 0 , 2 0 0 0 , 2 0 0 0 , 2 0 0 0 , 1 0 0 0 , 1 0 0 0 , 1 0 0 0 , 1 0 0 0 , 1 0 0 0 , 1 0 0 0 , 1 0 0 0 , 1 0 0 0 , 1 0 0 0 , 1 0 0 0 , 1 0 0 0 , 1 0 0 0 , 1 0 0 0 , 1 0 0 0 , 1 0 0 0 , 1 0 0 0 , 1 0 0 0 , 1 0 0 0 , 1 0 0 0 , 1 0 0 0 , 1 0 0 0 , 1 0 0 0 , 1 0 0 0 , 1 0 0 0 , 1 0 0 0 , 1 0 0 0 , 1 0 0 0 , 1 0 0 0 , 1 0 0 0 , 3 0 0 0 , 3 0 0 0 , 3 0 0 0 , 3 0 0 0 , 1 0 0 0 , 1 0 0 0 , 1 0 0 0 , 1 0 0 0 , 1 0 0 0 , 1 0 0 0 , 1 0 0 0 , 1 0 0 0 , 1 0 0 0 , 1 0 0 0 , 1 0 0 0 , 1 0 0 0 , 1 0 0 0 , 1 0 0 0 , 1 0 0 0 , 1 0 0 0 , 1 0 0 0 , 1 0 0 0 , 2 0 0 0 , 2 0 0 0 , 3 0 0 0 , 3 0 0 0 , 3 0 0 0 , 3 0 0 0 , 2 0 0 0 , 2 0 0 0 , 2 0 0 0 , 1 0 0 0 , 1 0 0 0 , 1 0 0 0 , 1 0 0 0 , 1 0 0 0 , 1 0 0 0 , 1 0 0 0 , 1 0 0 0 , 1 0 0 0 , 1 0 0 0 , 1 0 0 0 , 1 0 0 0 , 1 0 0 0 , 1 0 0 0 , 1 0 0 0 , 1 0 0 0 , 1 0 0 0 , 1 0 0 0 , 1 0 0 0 , 1 0 0 0 , 1 0 0 0 , 1 0 0 0 , 1 0 0 0 , 1 0 0 0 , 1 0 0 0 , 1 0 0 0 , 1 0 0 0 , 1 0 0 0 , 1 0 0 0 , 1 0 0 0 , 3 0 0 0 , 3 0 0 0 , 3 0 0 0 , 3 0 0 0 , 1 0 0 0 , 1 0 0 0 , 1 0 0 0 , 1 0 0 0 , 1 0 0 0 , 1 0 0 0 , 1 0 0 0 , 1 0 0 0 , 1 0 0 0 , 1 0 0 0 , 1 0 0 0 , 1 0 0 0 , 1 0 0 0 , 1 0 0 0 , 1 0 0 0 , 1 0 0 0 , 1 0 0 0 , 2 0 0 0 , 2 0 0 0 , 3 0 0 0 , 3 0 0 0 , 3 0 0 0 , 3 0 0 0 , 2 0 0 0 , 2 0 0 0 , 2 0 0 0 , 2 0 0 0 , 1 0 0 0 , 1 0 0 0 , 1 0 0 0 , 1 0 0 0 , 2 0 0 0 , 1 0 0 0 , 1 0 0 0 , 1 0 0 0 , 1 0 0 0 , 1 0 0 0 , 1 0 0 0 , 1 0 0 0 , 1 0 0 0 , 1 0 0 0 , 1 0 0 0 , 1 0 0 0 , 1 0 0 0 , 1 0 0 0 , 1 0 0 0 , 1 0 0 0 , 1 0 0 0 , 1 0 0 0 , 1 0 0 0 , 1 0 0 0 , 1 0 0 0 , 1 0 0 0 , 1 0 0 0 , 1 0 0 0 , 1 0 0 0 , 1 0 0 0 , 3 0 0 0 , 3 0 0 0 , 3 0 0 0 , 1 0 0 0 , 1 0 0 0 , 1 0 0 0 , 1 0 0 0 , 1 0 0 0 , 1 0 0 0 , 1 0 0 0 , 1 0 0 0 , 1 0 0 0 , 1 0 0 0 , 1 0 0 0 , 1 0 0 0 , 1 0 0 0 , 1 0 0 0 , 1 0 0 0 , 1 0 0 0 , 1 0 0 0 , 1 0 0 0 , 2 0 0 0 , 2 0 0 0 , 3 0 0 0 , 3 0 0 0 , 2 0 0 0 , 2 0 0 0 , 1 0 0 0 , 1 0 0 0 , 1 0 0 0 , 1 0 0 0 , 1 0 0 0 , 1 0 0 0 , 1 0 0 0 , 2 0 0 0 , 2 0 0 0 , 2 0 0 0 , 1 0 0 0 , 1 0 0 0 , 1 0 0 0 , 1 0 0 0 , 1 0 0 0 , 1 0 0 0 , 1 0 0 0 , 1 0 0 0 , 1 0 0 0 , 1 0 0 0 , 1 0 0 0 , 1 0 0 0 , 1 0 0 0 , 1 0 0 0 , 1 0 0 0 , 1 0 0 0 , 1 0 0 0 , 1 0 0 0 , 1 0 0 0 , 1 0 0 0 , 1 0 0 0 , 1 0 0 0 , 1 0 0 0 , 1 0 0 0 , 3 0 0 0 , 3 0 0 0 , 3 0 0 0 , 1 0 0 0 , 1 0 0 0 , 1 0 0 0 , 1 0 0 0 , 1 0 0 0 , 1 0 0 0 , 1 0 0 0 , 1 0 0 0 , 1 0 0 0 , 1 0 0 0 , 1 0 0 0 , 1 0 0 0 , 1 0 0 0 , 1 0 0 0 , 1 0 0 0 , 1 0 0 0 , 1 0 0 0 , 1 0 0 0 , 2 0 0 0 , 3 0 0 0 , 2 0 0 0 , 2 0 0 0 , 1 0 0 0 , 1 0 0 0 , 1 0 0 0 , 1 0 0 0 , 1 0 0 0 , 1 0 0 0 , 1 0 0 0 , 1 0 0 0 , 2 0 0 0 , 2 0 0 0 , 2 0 0 0 , 2 0 0 0 , 2 0 0 0 , 1 0 0 0 , 1 0 0 0 , 1 0 0 0 , 1 0 0 0 , 1 0 0 0 , 1 0 0 0 , 1 0 0 0 , 1 0 0 0 , 1 0 0 0 , 1 0 0 0 , 1 0 0 0 , 1 0 0 0 , 1 0 0 0 , 1 0 0 0 , 1 0 0 0 , 1 0 0 0 , 1 0 0 0 , 1 0 0 0 , 1 0 0 0 , 1 0 0 0 , 1 0 0 0 , 1 0 0 0 , 3 0 0 0 , 3 0 0 0 , 3 0 0 0 , 1 0 0 0 , 1 0 0 0 , 1 0 0 0 , 1 0 0 0 , 1 0 0 0 , 1 0 0 0 , 1 0 0 0 , 1 0 0 0 , 1 0 0 0 , 1 0 0 0 , 1 0 0 0 , 1 0 0 0 , 1 0 0 0 , 1 0 0 0 , 1 0 0 0 , 1 0 0 0 , 1 0 0 0 , 1 0 0 0 , 2 0 0 0 , 2 0 0 0 , 2 0 0 0 , 1 0 0 0 , 1 0 0 0 , 1 0 0 0 , 1 0 0 0 , 1 0 0 0 , 1 0 0 0 , 1 0 0 0 , 1 0 0 0 , 1 0 0 0 , 2 0 0 0 , 2 0 0 0 , 2 0 0 0 , 2 0 0 0 , 2 0 0 0 , 2 0 0 0 , 2 0 0 0 , 1 0 0 0 , 1 0 0 0 , 1 0 0 0 , 1 0 0 0 , 1 0 0 0 , 1 0 0 0 , 1 0 0 0 , 1 0 0 0 , 1 0 0 0 , 1 0 0 0 , 1 0 0 0 , 1 0 0 0 , 1 0 0 0 , 1 0 0 0 , 1 0 0 0 , 1 0 0 0 , 1 0 0 0 , 1 0 0 0 , 1 0 0 0 , 1 0 0 0 , 3 0 0 0 , 3 0 0 0 , 3 0 0 0 , 3 0 0 0 , 1 0 0 0 , 1 0 0 0 , 1 0 0 0 , 1 0 0 0 , 1 0 0 0 , 1 0 0 0 , 1 0 0 0 , 1 0 0 0 , 1 0 0 0 , 1 0 0 0 , 1 0 0 0 , 1 0 0 0 , 1 0 0 0 , 1 0 0 0 , 1 0 0 0 , 1 0 0 0 , 1 0 0 0 , 1 0 0 0 , 1 0 0 0 , 1 0 0 0 , 1 0 0 0 , 1 0 0 0 , 1 0 0 0 , 1 0 0 0 , 1 0 0 0 , 1 0 0 0 , 1 0 0 0 , 1 0 0 0 , 1 0 0 0 , 2 0 0 0 , 2 0 0 0 , 2 0 0 0 , 2 0 0 0 , 2 0 0 0 , 2 0 0 0 , 2 0 0 0 , 2 0 0 0 , 1 0 0 0 , 1 0 0 0 , 1 0 0 0 , 1 0 0 0 , 1 0 0 0 , 1 0 0 0 , 1 0 0 0 , 1 0 0 0 , 1 0 0 0 , 1 0 0 0 , 1 0 0 0 , 1 0 0 0 , 1 0 0 0 , 1 0 0 0 , 1 0 0 0 , 1 0 0 0 , 1 0 0 0 , 1 0 0 0 , 1 0 0 0 , 1 0 0 0 , 3 0 0 0 , 3 0 0 0 , 3 0 0 0 , 1 0 0 0 , 1 0 0 0 , 1 0 0 0 , 1 0 0 0 , 1 0 0 0 , 1 0 0 0 , 1 0 0 0 , 1 0 0 0 , 1 0 0 0 , 1 0 0 0 , 1 0 0 0 , 1 0 0 0 , 1 0 0 0 , 1 0 0 0 , 1 0 0 0 , 1 0 0 0 , 1 0 0 0 , 1 0 0 0 , 1 0 0 0 , 1 0 0 0 , 1 0 0 0 , 1 0 0 0 , 1 0 0 0 , 1 0 0 0 , 1 0 0 0 , 1 0 0 0 , 1 0 0 0 , 1 0 0 0 , 1 0 0 0 , 2 0 0 0 , 2 0 0 0 , 2 0 0 0 , 2 0 0 0 , 2 0 0 0 , 2 0 0 0 , 2 0 0 0 , 2 0 0 0 , 1 0 0 0 , 1 0 0 0 , 1 0 0 0 , 1 0 0 0 , 1 0 0 0 , 1 0 0 0 , 1 0 0 0 , 1 0 0 0 , 1 0 0 0 , 1 0 0 0 , 1 0 0 0 , 1 0 0 0 , 1 0 0 0 , 1 0 0 0 , 1 0 0 0 , 1 0 0 0 , 1 0 0 0 , 1 0 0 0 , 1 0 0 0 , 1 0 0 0 , 1 0 0 0 , 3 0 0 0 , 3 0 0 0 , 1 0 0 0 , 1 0 0 0 , 1 0 0 0 , 1 0 0 0 , 1 0 0 0 , 1 0 0 0 , 1 0 0 0 , 1 0 0 0 , 1 0 0 0 , 1 0 0 0 , 1 0 0 0 , 1 0 0 0 , 1 0 0 0 , 1 0 0 0 , 1 0 0 0 , 1 0 0 0 , 1 0 0 0 , 1 0 0 0 , 1 0 0 0 , 1 0 0 0 , 1 0 0 0 , 1 0 0 0 , 1 0 0 0 , 1 0 0 0 , 1 0 0 0 , 1 0 0 0 , 1 0 0 0 , 1 0 0 0 , 1 0 0 0 , 2 0 0 0 , 2 0 0 0 , 2 0 0 0 , 2 0 0 0 , 2 0 0 0 , 2 0 0 0 , 2 0 0 0 , 2 0 0 0 , 1 0 0 0 , 1 0 0 0 , 1 0 0 0 , 1 0 0 0 , 1 0 0 0 , 1 0 0 0 , 1 0 0 0 , 1 0 0 0 , 1 0 0 0 , 1 0 0 0 , 1 0 0 0 , 1 0 0 0 , 1 0 0 0 , 1 0 0 0 , 1 0 0 0 , 1 0 0 0 , 1 0 0 0 , 1 0 0 0 , 1 0 0 0 , 1 0 0 0 , 1 0 0 0 , 3 0 0 0 , 3 0 0 0 , 3 0 0 0 , 1 0 0 0 , 1 0 0 0 , 1 0 0 0 , 1 0 0 0 , 1 0 0 0 , 1 0 0 0 , 1 0 0 0 , 1 0 0 0 , 1 0 0 0 , 1 0 0 0 , 1 0 0 0 , 1 0 0 0 , 1 0 0 0 , 1 0 0 0 , 1 0 0 0 , 1 0 0 0 , 1 0 0 0 , 1 0 0 0 , 1 0 0 0 , 1 0 0 0 , 1 0 0 0 , 1 0 0 0 , 1 0 0 0 , 1 0 0 0 , 1 0 0 0 , 1 0 0 0 , 1 0 0 0 , 1 0 0 0 , 2 0 0 0 , 2 0 0 0 , 2 0 0 0 , 2 0 0 0 , 2 0 0 0 , 2 0 0 0 , 2 0 0 0 , 2 0 0 0 , 2 0 0 0 , 1 0 0 0 , 1 0 0 0 , 1 0 0 0 , 1 0 0 0 , 1 0 0 0 , 1 0 0 0 , 1 0 0 0 , 1 0 0 0 , 1 0 0 0 , 1 0 0 0 , 1 0 0 0 , 1 0 0 0 , 1 0 0 0 , 1 0 0 0 , 1 0 0 0 , 1 0 0 0 , 1 0 0 0 , 1 0 0 0 , 1 0 0 0 , 1 0 0 0 , 3 0 0 0 , 3 0 0 0 , 3 0 0 0 , 1 0 0 0 , 1 0 0 0 , 1 0 0 0 , 1 0 0 0 , 1 0 0 0 , 1 0 0 0 , 1 0 0 0 , 1 0 0 0 , 1 0 0 0 , 1 0 0 0 , 1 0 0 0 , 1 0 0 0 , 1 0 0 0 , 1 0 0 0 , 1 0 0 0 , 1 0 0 0 , 1 0 0 0 , 1 0 0 0 , 1 0 0 0 , 1 0 0 0 , 1 0 0 0 , 5 0 0 0 , 5 0 0 0 , 1 0 0 0 , 1 0 0 0 , 1 0 0 0 , 1 0 0 0 , 1 0 0 0 , 2 0 0 0 , 2 0 0 0 , 2 0 0 0 , 2 0 0 0 , 2 0 0 0 , 2 0 0 0 , 2 0 0 0 , 2 0 0 0 , 2 0 0 0 , 1 0 0 0 , 1 0 0 0 , 1 0 0 0 , 1 0 0 0 , 1 0 0 0 , 1 0 0 0 , 1 0 0 0 , 1 0 0 0 , 1 0 0 0 , 1 0 0 0 , 1 0 0 0 , 1 0 0 0 , 1 0 0 0 , 1 0 0 0 , 1 0 0 0 , 1 0 0 0 , 1 0 0 0 , 1 0 0 0 , 1 0 0 0 , 1 0 0 0 , 3 0 0 0 , 3 0 0 0 , 3 0 0 0 , 1 0 0 0 , 1 0 0 0 , 1 0 0 0 , 1 0 0 0 , 1 0 0 0 , 1 0 0 0 , 1 0 0 0 , 1 0 0 0 , 1 0 0 0 , 1 0 0 0 , 1 0 0 0 , 1 0 0 0 , 1 0 0 0 , 1 0 0 0 , 1 0 0 0 , 1 0 0 0 , 1 0 0 0 , 1 0 0 0 , 1 0 0 0 , 1 0 0 0 , 1 0 0 0 , 5 0 0 0 , 5 0 0 0 , 5 0 0 0 , 1 0 0 0 , 1 0 0 0 , 1 0 0 0 , 1 0 0 0 , 2 0 0 0 , 2 0 0 0 , 2 0 0 0 , 2 0 0 0 , 2 0 0 0 , 2 0 0 0 , 2 0 0 0 , 2 0 0 0 , 2 0 0 0 , 1 0 0 0 , 1 0 0 0 , 1 0 0 0 , 1 0 0 0 , 1 0 0 0 , 1 0 0 0 , 1 0 0 0 , 1 0 0 0 , 1 0 0 0 , 1 0 0 0 , 1 0 0 0 , 1 0 0 0 , 1 0 0 0 , 1 0 0 0 , 1 0 0 0 , 1 0 0 0 , 1 0 0 0 , 1 0 0 0 , 1 0 0 0 , 1 0 0 0 , 3 0 0 0 , 3 0 0 0 , 3 0 0 0 , 1 0 0 0 , 1 0 0 0 , 1 0 0 0 , 1 0 0 0 , 1 0 0 0 , 1 0 0 0 , 1 0 0 0 , 1 0 0 0 , 1 0 0 0 , 1 0 0 0 , 1 0 0 0 , 1 0 0 0 , 1 0 0 0 , 1 0 0 0 , 1 0 0 0 , 1 0 0 0 , 1 0 0 0 , 1 0 0 0 , 1 0 0 0 , 1 0 0 0 , 5 0 0 0 , 5 0 0 0 , 5 0 0 0 , 5 0 0 0 , 1 0 0 0 , 1 0 0 0 , 1 0 0 0 , 1 0 0 0 , 2 0 0 0 , 2 0 0 0 , 2 0 0 0 , 2 0 0 0 , 2 0 0 0 , 2 0 0 0 , 2 0 0 0 , 2 0 0 0 , 2 0 0 0 , 1 0 0 0 , 1 0 0 0 , 1 0 0 0 , 1 0 0 0 , 1 0 0 0 , 1 0 0 0 , 1 0 0 0 , 1 0 0 0 , 1 0 0 0 , 1 0 0 0 , 1 0 0 0 , 1 0 0 0 , 1 0 0 0 , 1 0 0 0 , 1 0 0 0 , 1 0 0 0 , 1 0 0 0 , 1 0 0 0 , 1 0 0 0 , 1 0 0 0 , 3 0 0 0 , 3 0 0 0 , 3 0 0 0 , 1 0 0 0 , 1 0 0 0 , 1 0 0 0 , 1 0 0 0 , 1 0 0 0 , 1 0 0 0 , 1 0 0 0 , 1 0 0 0 , 1 0 0 0 , 1 0 0 0 , 1 0 0 0 , 1 0 0 0 , 1 0 0 0 , 1 0 0 0 , 1 0 0 0 , 1 0 0 0 , 1 0 0 0 , 1 0 0 0 , 1 0 0 0 , 1 0 0 0 , 5 0 0 0 , 5 0 0 0 , 5 0 0 0 , 5 0 0 0 , 1 0 0 0 , 1 0 0 0 , 1 0 0 0 , 1 0 0 0 , 2 0 0 0 , 2 0 0 0 , 2 0 0 0 , 2 0 0 0 , 2 0 0 0 , 2 0 0 0 , 2 0 0 0 , 2 0 0 0 , 2 0 0 0 , 1 0 0 0 , 1 0 0 0 , 1 0 0 0 , 1 0 0 0 , 1 0 0 0 , 1 0 0 0 , 1 0 0 0 , 1 0 0 0 , 1 0 0 0 , 1 0 0 0 , 1 0 0 0 , 1 0 0 0 , 1 0 0 0 , 1 0 0 0 , 1 0 0 0 , 1 0 0 0 , 1 0 0 0 , 1 0 0 0 , 1 0 0 0 , 1 0 0 0 , 3 0 0 0 , 3 0 0 0 , 3 0 0 0 , 1 0 0 0 , 1 0 0 0 , 1 0 0 0 , 1 0 0 0 , 1 0 0 0 , 1 0 0 0 , 1 0 0 0 , 1 0 0 0 , 1 0 0 0 , 1 0 0 0 , 1 0 0 0 , 1 0 0 0 , 1 0 0 0 , 1 0 0 0 , 1 0 0 0 , 1 0 0 0 , 1 0 0 0 , 1 0 0 0 , 1 0 0 0 , 1 0 0 0 , 5 0 0 0 , 5 0 0 0 , 5 0 0 0 , 1 0 0 0 , 1 0 0 0 , 1 0 0 0 , 1 0 0 0 , 1 0 0 0 , 2 0 0 0 , 2 0 0 0 , 2 0 0 0 , 2 0 0 0 , 2 0 0 0 , 2 0 0 0 , 2 0 0 0 , 2 0 0 0 , 2 0 0 0 , 1 0 0 0 , 1 0 0 0 , 1 0 0 0 , 1 0 0 0 , 1 0 0 0 , 1 0 0 0 , 1 0 0 0 , 1 0 0 0 , 1 0 0 0 , 1 0 0 0 , 1 0 0 0 , 1 0 0 0 , 1 0 0 0 , 1 0 0 0 , 1 0 0 0 , 1 0 0 0 , 1 0 0 0 , 1 0 0 0 , 1 0 0 0 , 1 0 0 0 , 3 0 0 0 , 3 0 0 0 , 3 0 0 0 , 1 0 0 0 , 1 0 0 0 , 1 0 0 0 , 1 0 0 0 , 1 0 0 0 , 1 0 0 0 , 1 0 0 0 , 1 0 0 0 , 1 0 0 0 , 1 0 0 0 , 1 0 0 0 , 1 0 0 0 , 1 0 0 0 , 1 0 0 0 , 1 0 0 0 , 1 0 0 0 , 1 0 0 0 , 1 0 0 0 , 1 0 0 0 , 1 0 0 0 , 5 0 0 0 , 5 0 0 0 , 1 0 0 0 , 1 0 0 0 , 1 0 0 0 , 1 0 0 0 , 1 0 0 0 , 1 0 0 0 , 2 0 0 0 , 2 0 0 0 , 2 0 0 0 , 2 0 0 0 , 2 0 0 0 , 2 0 0 0 , 2 0 0 0 , 2 0 0 0 , 1 0 0 0 , 1 0 0 0 , 1 0 0 0 , 1 0 0 0 , 1 0 0 0 , 1 0 0 0 , 1 0 0 0 , 1 0 0 0 , 1 0 0 0 , 1 0 0 0 , 1 0 0 0 , 1 0 0 0 , 1 0 0 0 , 1 0 0 0 , 1 0 0 0 , 1 0 0 0 , 1 0 0 0 , 1 0 0 0 , 1 0 0 0 , 1 0 0 0 , 3 0 0 0 , 3 0 0 0 , 3 0 0 0 , 3 0 0 0 , 1 0 0 0 , 1 0 0 0 , 1 0 0 0 , 1 0 0 0 , 1 0 0 0 , 1 0 0 0 , 1 0 0 0 , 1 0 0 0 , 1 0 0 0 , 1 0 0 0 , 1 0 0 0 , 1 0 0 0 , 1 0 0 0 , 1 0 0 0 , 1 0 0 0 , 1 0 0 0 , 1 0 0 0 , 1 0 0 0 , 1 0 0 0 , 1 0 0 0 , 5 0 0 0 , 5 0 0 0 , 1 0 0 0 , 1 0 0 0 , 1 0 0 0 , 1 0 0 0 , 1 0 0 0 , 1 0 0 0 , 2 0 0 0 , 2 0 0 0 , 2 0 0 0 , 2 0 0 0 , 2 0 0 0 , 2 0 0 0 , 2 0 0 0 , 2 0 0 0 , 1 0 0 0 , 1 0 0 0 , 1 0 0 0 , 1 0 0 0 , 1 0 0 0 , 1 0 0 0 , 1 0 0 0 , 1 0 0 0 , 1 0 0 0 , 1 0 0 0 , 1 0 0 0 , 1 0 0 0 , 1 0 0 0 , 1 0 0 0 , 1 0 0 0 , 1 0 0 0 , 1 0 0 0 , 1 0 0 0 , 1 0 0 0 , 1 0 0 0 , 3 0 0 0 , 3 0 0 0 , 3 0 0 0 , 3 0 0 0 , 1 0 0 0 , 1 0 0 0 , 1 0 0 0 , 1 0 0 0 , 1 0 0 0 , 1 0 0 0 , 1 0 0 0 , 1 0 0 0 , 1 0 0 0 , 1 0 0 0 , 1 0 0 0 , 1 0 0 0 , 1 0 0 0 , 1 0 0 0 , 1 0 0 0 , 1 0 0 0 , 1 0 0 0 , 1 0 0 0 , 1 0 0 0 , 1 0 0 0 , 1 0 0 0 , 1 0 0 0 , 1 0 0 0 , 1 0 0 0 , 1 0 0 0 , 1 0 0 0 , 1 0 0 0 , 1 0 0 0 , 2 0 0 0 , 2 0 0 0 , 2 0 0 0 , 2 0 0 0 , 2 0 0 0 , 2 0 0 0 , 2 0 0 0 , 1 0 0 0 , 1 0 0 0 , 1 0 0 0 , 1 0 0 0 , 1 0 0 0 , 1 0 0 0 , 1 0 0 0 , 1 0 0 0 , 1 0 0 0 , 1 0 0 0 , 1 0 0 0 , 1 0 0 0 , 1 0 0 0 , 1 0 0 0 , 1 0 0 0 , 1 0 0 0 , 1 0 0 0 , 1 0 0 0 , 1 0 0 0 , 1 0 0 0 , 1 0 0 0 , 3 0 0 0 , 3 0 0 0 , 3 0 0 0 , 3 0 0 0 , 1 0 0 0 , 1 0 0 0 , 1 0 0 0 , 1 0 0 0 , 1 0 0 0 , 1 0 0 0 , 1 0 0 0 , 1 0 0 0 , 1 0 0 0 , 1 0 0 0 , 1 0 0 0 , 1 0 0 0 , 1 0 0 0 , 1 0 0 0 , 1 0 0 0 , 1 0 0 0 , 1 0 0 0 , 1 0 0 0 , 1 0 0 0 , 1 0 0 0 , 1 0 0 0 , 1 0 0 0 , 1 0 0 0 , 1 0 0 0 , 1 0 0 0 , 1 0 0 0 , 1 0 0 0 , 1 0 0 0 , 2 0 0 0 , 2 0 0 0 , 2 0 0 0 , 2 0 0 0 , 2 0 0 0 , 2 0 0 0 , 2 0 0 0 , 1 0 0 0 , 1 0 0 0 , 2 0 0 0 , 2 0 0 0 , 1 0 0 0 , 1 0 0 0 , 1 0 0 0 , 1 0 0 0 , 1 0 0 0 , 1 0 0 0 , 1 0 0 0 , 1 0 0 0 , 1 0 0 0 , 1 0 0 0 , 1 0 0 0 , 1 0 0 0 , 1 0 0 0 , 1 0 0 0 , 1 0 0 0 , 1 0 0 0 , 1 0 0 0 , 3 0 0 0 , 3 0 0 0 , 3 0 0 0 , 1 0 0 0 , 1 0 0 0 , 1 0 0 0 , 1 0 0 0 , 1 0 0 0 , 1 0 0 0 , 1 0 0 0 , 1 0 0 0 , 1 0 0 0 , 1 0 0 0 , 1 0 0 0 , 1 0 0 0 , 1 0 0 0 , 1 0 0 0 , 1 0 0 0 , 1 0 0 0 , 1 0 0 0 , 1 0 0 0 , 1 0 0 0 , 1 0 0 0 , 1 0 0 0 , 1 0 0 0 , 1 0 0 0 , 1 0 0 0 , 1 0 0 0 , 1 0 0 0 , 1 0 0 0 , 1 0 0 0 , 1 0 0 0 , 2 0 0 0 , 2 0 0 0 , 2 0 0 0 , 2 0 0 0 , 2 0 0 0 , 2 0 0 0 , 2 0 0 0 , 1 0 0 0 , 1 0 0 0 , 2 0 0 0 , 2 0 0 0 , 2 0 0 0 , 1 0 0 0 , 1 0 0 0 , 1 0 0 0 , 1 0 0 0 , 1 0 0 0 , 1 0 0 0 , 1 0 0 0 , 1 0 0 0 , 1 0 0 0 , 1 0 0 0 , 1 0 0 0 , 1 0 0 0 , 1 0 0 0 , 1 0 0 0 , 1 0 0 0 , 1 0 0 0 , 3 0 0 0 , 3 0 0 0 , 3 0 0 0 , 1 0 0 0 , 1 0 0 0 , 1 0 0 0 , 1 0 0 0 , 1 0 0 0 , 1 0 0 0 , 1 0 0 0 , 1 0 0 0 , 1 0 0 0 , 1 0 0 0 , 1 0 0 0 , 1 0 0 0 , 1 0 0 0 , 1 0 0 0 , 1 0 0 0 , 1 0 0 0 , 1 0 0 0 , 1 0 0 0 , 1 0 0 0 , 1 0 0 0 , 1 0 0 0 , 1 0 0 0 , 1 0 0 0 , 1 0 0 0 , 1 0 0 0 , 1 0 0 0 , 1 0 0 0 , 1 0 0 0 , 1 0 0 0 , 2 0 0 0 , 2 0 0 0 , 2 0 0 0 , 2 0 0 0 , 2 0 0 0 , 2 0 0 0 , 1 0 0 0 , 1 0 0 0 , 2 0 0 0 , 2 0 0 0 , 2 0 0 0 , 2 0 0 0 , 2 0 0 0 , 1 0 0 0 , 1 0 0 0 , 1 0 0 0 , 1 0 0 0 , 1 0 0 0 , 1 0 0 0 , 1 0 0 0 , 1 0 0 0 , 1 0 0 0 , 1 0 0 0 , 1 0 0 0 , 1 0 0 0 , 1 0 0 0 , 1 0 0 0 , 1 0 0 0 , 3 0 0 0 , 3 0 0 0 , 3 0 0 0 , 1 0 0 0 , 1 0 0 0 , 1 0 0 0 , 1 0 0 0 , 1 0 0 0 , 1 0 0 0 , 1 0 0 0 , 1 0 0 0 , 1 0 0 0 , 1 0 0 0 , 1 0 0 0 , 1 0 0 0 , 1 0 0 0 , 1 0 0 0 , 1 0 0 0 , 1 0 0 0 , 1 0 0 0 , 1 0 0 0 , 1 0 0 0 , 1 0 0 0 , 1 0 0 0 , 1 0 0 0 , 1 0 0 0 , 1 0 0 0 , 1 0 0 0 , 1 0 0 0 , 1 0 0 0 , 1 0 0 0 , 1 0 0 0 , 2 0 0 0 , 2 0 0 0 , 2 0 0 0 , 2 0 0 0 , 2 0 0 0 , 1 0 0 0 , 1 0 0 0 , 1 0 0 0 , 2 0 0 0 , 2 0 0 0 , 2 0 0 0 , 2 0 0 0 , 2 0 0 0 , 1 0 0 0 , 1 0 0 0 , 1 0 0 0 , 1 0 0 0 , 1 0 0 0 , 1 0 0 0 , 1 0 0 0 , 1 0 0 0 , 1 0 0 0 , 1 0 0 0 , 1 0 0 0 , 1 0 0 0 , 1 0 0 0 , 1 0 0 0 , 1 0 0 0 , 3 0 0 0 , 3 0 0 0 , 1 0 0 0 , 1 0 0 0 , 1 0 0 0 , 1 0 0 0 , 1 0 0 0 , 1 0 0 0 , 1 0 0 0 , 1 0 0 0 , 1 0 0 0 , 1 0 0 0 , 1 0 0 0 , 1 0 0 0 , 1 0 0 0 , 1 0 0 0 , 1 0 0 0 , 1 0 0 0 , 1 0 0 0 , 1 0 0 0 , 1 0 0 0 , 1 0 0 0 , 1 0 0 0 , 1 0 0 0 , 1 0 0 0 , 1 0 0 0 , 1 0 0 0 , 2 0 0 0 , 2 0 0 0 , 1 0 0 0 , 1 0 0 0 , 1 0 0 0 , 2 0 0 0 , 2 0 0 0 , 2 0 0 0 , 1 0 0 0 , 1 0 0 0 , 1 0 0 0 , 1 0 0 0 , 1 0 0 0 , 2 0 0 0 , 2 0 0 0 , 2 0 0 0 , 2 0 0 0 , 2 0 0 0 , 2 0 0 0 , 1 0 0 0 , 1 0 0 0 , 1 0 0 0 , 1 0 0 0 , 1 0 0 0 , 1 0 0 0 , 1 0 0 0 , 1 0 0 0 , 1 0 0 0 , 1 0 0 0 , 1 0 0 0 , 1 0 0 0 , 1 0 0 0 , 3 0 0 0 , 3 0 0 0 , 3 0 0 0 , 1 0 0 0 , 1 0 0 0 , 1 0 0 0 , 1 0 0 0 , 1 0 0 0 , 1 0 0 0 , 1 0 0 0 , 1 0 0 0 , 2 0 0 0 , 2 0 0 0 , 1 0 0 0 , 1 0 0 0 , 1 0 0 0 , 1 0 0 0 , 1 0 0 0 , 1 0 0 0 , 1 0 0 0 , 1 0 0 0 , 1 0 0 0 , 1 0 0 0 , 1 0 0 0 , 1 0 0 0 , 1 0 0 0 , 1 0 0 0 , 2 0 0 0 , 2 0 0 0 , 2 0 0 0 , 2 0 0 0 , 1 0 0 0 , 1 0 0 0 , 2 0 0 0 , 2 0 0 0 , 1 0 0 0 , 1 0 0 0 , 1 0 0 0 , 1 0 0 0 , 1 0 0 0 , 1 0 0 0 , 2 0 0 0 , 2 0 0 0 , 2 0 0 0 , 2 0 0 0 , 2 0 0 0 , 2 0 0 0 , 1 0 0 0 , 1 0 0 0 , 1 0 0 0 , 1 0 0 0 , 1 0 0 0 , 1 0 0 0 , 1 0 0 0 , 1 0 0 0 , 1 0 0 0 , 1 0 0 0 , 1 0 0 0 , 1 0 0 0 , 1 0 0 0 , 3 0 0 0 , 3 0 0 0 , 3 0 0 0 , 1 0 0 0 , 1 0 0 0 , 1 0 0 0 , 1 0 0 0 , 1 0 0 0 , 1 0 0 0 , 1 0 0 0 , 1 0 0 0 , 2 0 0 0 , 2 0 0 0 , 2 0 0 0 , 1 0 0 0 , 1 0 0 0 , 1 0 0 0 , 1 0 0 0 , 1 0 0 0 , 1 0 0 0 , 1 0 0 0 , 1 0 0 0 , 1 0 0 0 , 1 0 0 0 , 1 0 0 0 , 1 0 0 0 , 2 0 0 0 , 2 0 0 0 , 2 0 0 0 , 2 0 0 0 , 2 0 0 0 , 1 0 0 0 , 1 0 0 0 , 2 0 0 0 , 1 0 0 0 , 1 0 0 0 , 1 0 0 0 , 1 0 0 0 , 1 0 0 0 , 1 0 0 0 , 1 0 0 0 , 2 0 0 0 , 2 0 0 0 , 2 0 0 0 , 2 0 0 0 , 2 0 0 0 , 2 0 0 0 , 2 0 0 0 , 1 0 0 0 , 1 0 0 0 , 1 0 0 0 , 1 0 0 0 , 1 0 0 0 , 1 0 0 0 , 1 0 0 0 , 1 0 0 0 , 1 0 0 0 , 1 0 0 0 , 1 0 0 0 , 3 0 0 0 , 3 0 0 0 , 3 0 0 0 , 3 0 0 0 , 1 0 0 0 , 1 0 0 0 , 1 0 0 0 , 1 0 0 0 , 1 0 0 0 , 1 0 0 0 , 1 0 0 0 , 2 0 0 0 , 2 0 0 0 , 2 0 0 0 , 2 0 0 0 , 2 0 0 0 , 2 0 0 0 , 1 0 0 0 , 1 0 0 0 , 1 0 0 0 , 1 0 0 0 , 1 0 0 0 , 1 0 0 0 , 1 0 0 0 , 1 0 0 0 , 1 0 0 0 , 2 0 0 0 , 2 0 0 0 , 2 0 0 0 , 2 0 0 0 , 2 0 0 0 , 2 0 0 0 , 1 0 0 0 , 1 0 0 0 , 1 0 0 0 , 1 0 0 0 , 1 0 0 0 , 1 0 0 0 , 1 0 0 0 , 1 0 0 0 , 1 0 0 0 , 2 0 0 0 , 2 0 0 0 , 2 0 0 0 , 2 0 0 0 , 2 0 0 0 , 2 0 0 0 , 2 0 0 0 , 2 0 0 0 , 2 0 0 0 , 1 0 0 0 , 1 0 0 0 , 1 0 0 0 , 1 0 0 0 , 1 0 0 0 , 1 0 0 0 , 1 0 0 0 , 1 0 0 0 , 1 0 0 0 , 1 0 0 0 , 3 0 0 0 , 3 0 0 0 , 3 0 0 0 , 3 0 0 0 , 1 0 0 0 , 1 0 0 0 , 1 0 0 0 , 1 0 0 0 , 1 0 0 0 , 1 0 0 0 , 1 0 0 0 , 2 0 0 0 , 2 0 0 0 , 2 0 0 0 , 2 0 0 0 , 2 0 0 0 , 2 0 0 0 , 1 0 0 0 , 1 0 0 0 , 1 0 0 0 , 1 0 0 0 , 1 0 0 0 , 1 0 0 0 , 1 0 0 0 , 1 0 0 0 , 1 0 0 0 , 2 0 0 0 , 2 0 0 0 , 2 0 0 0 , 2 0 0 0 , 2 0 0 0 , 2 0 0 0 , 1 0 0 0 , 1 0 0 0 , 1 0 0 0 , 1 0 0 0 , 1 0 0 0 , 1 0 0 0 , 1 0 0 0 , 1 0 0 0 , 1 0 0 0 , 2 0 0 0 , 2 0 0 0 , 2 0 0 0 , 2 0 0 0 , 2 0 0 0 , 2 0 0 0 , 2 0 0 0 , 2 0 0 0 , 2 0 0 0 , 1 0 0 0 , 1 0 0 0 , 1 0 0 0 , 1 0 0 0 , 1 0 0 0 , 1 0 0 0 , 1 0 0 0 , 1 0 0 0 , 1 0 0 0 , 1 0 0 0 , 3 0 0 0 , 3 0 0 0 , 3 0 0 0 , 3 0 0 0 , 1 0 0 0 , 1 0 0 0 , 1 0 0 0 , 1 0 0 0 , 1 0 0 0 , 1 0 0 0 , 1 0 0 0 , 2 0 0 0 , 2 0 0 0 , 2 0 0 0 , 1 0 0 0 , 1 0 0 0 , 1 0 0 0 , 1 0 0 0 , 1 0 0 0 , 1 0 0 0 , 1 0 0 0 , 1 0 0 0 , 1 0 0 0 , 1 0 0 0 , 1 0 0 0 , 1 0 0 0 , 1 0 0 0 , 1 0 0 0 , 2 0 0 0 , 2 0 0 0 , 2 0 0 0 , 1 0 0 0 , 1 0 0 0 , 1 0 0 0 , 1 0 0 0 , 1 0 0 0 , 1 0 0 0 , 1 0 0 0 , 1 0 0 0 , 1 0 0 0 , 1 0 0 0 , 2 0 0 0 , 2 0 0 0 , 2 0 0 0 , 2 0 0 0 , 2 0 0 0 , 2 0 0 0 , 2 0 0 0 , 2 0 0 0 , 2 0 0 0 , 1 0 0 0 , 1 0 0 0 , 1 0 0 0 , 1 0 0 0 , 1 0 0 0 , 1 0 0 0 , 1 0 0 0 , 1 0 0 0 , 1 0 0 0 , 1 0 0 0 , 3 0 0 0 , 3 0 0 0 , 3 0 0 0 , 3 0 0 0 , 1 0 0 0 , 1 0 0 0 , 1 0 0 0 , 1 0 0 0 , 1 0 0 0 , 1 0 0 0 , 1 0 0 0 , 1 0 0 0 , 1 0 0 0 , 1 0 0 0 , 1 0 0 0 , 1 0 0 0 , 1 0 0 0 , 1 0 0 0 , 1 0 0 0 , 1 0 0 0 , 1 0 0 0 , 1 0 0 0 , 1 0 0 0 , 1 0 0 0 , 1 0 0 0 , 1 0 0 0 , 1 0 0 0 , 1 0 0 0 , 1 0 0 0 , 1 0 0 0 , 1 0 0 0 , 1 0 0 0 , 1 0 0 0 , 1 0 0 0 , 1 0 0 0 , 1 0 0 0 , 1 0 0 0 , 1 0 0 0 , 1 0 0 0 , 1 0 0 0 , 1 0 0 0 , 2 0 0 0 , 2 0 0 0 , 2 0 0 0 , 2 0 0 0 , 2 0 0 0 , 2 0 0 0 , 2 0 0 0 , 2 0 0 0 , 2 0 0 0 , 2 0 0 0 , 1 0 0 0 , 1 0 0 0 , 1 0 0 0 , 1 0 0 0 , 1 0 0 0 , 1 0 0 0 , 1 0 0 0 , 1 0 0 0 , 3 0 0 0 , 3 0 0 0 , 3 0 0 0 , 3 0 0 0 , 3 0 0 0 , 1 0 0 0 , 1 0 0 0 , 1 0 0 0 , 1 0 0 0 , 1 0 0 0 , 1 0 0 0 , 1 0 0 0 , 1 0 0 0 , 1 0 0 0 , 1 0 0 0 , 1 0 0 0 , 1 0 0 0 , 1 0 0 0 , 1 0 0 0 , 1 0 0 0 , 1 0 0 0 , 1 0 0 0 , 1 0 0 0 , 1 0 0 0 , 1 0 0 0 , 1 0 0 0 , 1 0 0 0 , 1 0 0 0 , 1 0 0 0 , 1 0 0 0 , 1 0 0 0 , 1 0 0 0 , 1 0 0 0 , 1 0 0 0 , 1 0 0 0 , 1 0 0 0 , 1 0 0 0 , 1 0 0 0 , 1 0 0 0 , 1 0 0 0 , 1 0 0 0 , 1 0 0 0 , 2 0 0 0 , 2 0 0 0 , 2 0 0 0 , 2 0 0 0 , 2 0 0 0 , 2 0 0 0 , 2 0 0 0 , 2 0 0 0 , 2 0 0 0 , 2 0 0 0 , 1 0 0 0 , 1 0 0 0 , 1 0 0 0 , 1 0 0 0 , 1 0 0 0 , 1 0 0 0 , 1 0 0 0 , 1 0 0 0 , 3 0 0 0 , 3 0 0 0 , 3 0 0 0 , 3 0 0 0 , 3 0 0 0 , 3 0 0 0 , 1 0 0 0 , 1 0 0 0 , 1 0 0 0 , 1 0 0 0 , 1 0 0 0 , 1 0 0 0 , 1 0 0 0 , 1 0 0 0 , 1 0 0 0 , 1 0 0 0 , 1 0 0 0 , 1 0 0 0 , 1 0 0 0 , 1 0 0 0 , 1 0 0 0 , 1 0 0 0 , 1 0 0 0 , 1 0 0 0 , 1 0 0 0 , 1 0 0 0 , 1 0 0 0 , 1 0 0 0 , 1 0 0 0 , 1 0 0 0 , 1 0 0 0 , 1 0 0 0 , 1 0 0 0 , 1 0 0 0 , 1 0 0 0 , 1 0 0 0 , 1 0 0 0 , 1 0 0 0 , 1 0 0 0 , 1 0 0 0 , 1 0 0 0 , 1 0 0 0 , 2 0 0 0 , 2 0 0 0 , 2 0 0 0 , 2 0 0 0 , 2 0 0 0 , 2 0 0 0 , 2 0 0 0 , 2 0 0 0 , 2 0 0 0 , 2 0 0 0 , 1 0 0 0 , 1 0 0 0 , 1 0 0 0 , 1 0 0 0 , 1 0 0 0 , 1 0 0 0 , 1 0 0 0 , 1 0 0 0 , 3 0 0 0 , 3 0 0 0 , 3 0 0 0 , 3 0 0 0 , 3 0 0 0 , 3 0 0 0 , 1 0 0 0 , 1 0 0 0 , 1 0 0 0 , 1 0 0 0 , 1 0 0 0 , 1 0 0 0 , 1 0 0 0 , 1 0 0 0 , 1 0 0 0 , 1 0 0 0 , 1 0 0 0 , 1 0 0 0 , 1 0 0 0 , 1 0 0 0 , 1 0 0 0 , 1 0 0 0 , 1 0 0 0 , 1 0 0 0 , 1 0 0 0 , 1 0 0 0 , 1 0 0 0 , 1 0 0 0 , 1 0 0 0 , 1 0 0 0 , 1 0 0 0 , 1 0 0 0 , 1 0 0 0 , 1 0 0 0 , 1 0 0 0 , 2 0 0 0 , 1 0 0 0 , 1 0 0 0 , 1 0 0 0 , 1 0 0 0 , 1 0 0 0 , 1 0 0 0 , 2 0 0 0 , 2 0 0 0 , 2 0 0 0 , 2 0 0 0 , 2 0 0 0 , 2 0 0 0 , 2 0 0 0 , 1 0 0 0 , 1 0 0 0 , 1 0 0 0 , 1 0 0 0 , 1 0 0 0 , 1 0 0 0 , 1 0 0 0 , 1 0 0 0 , 1 0 0 0 , 1 0 0 0 , 3 0 0 0 , 3 0 0 0 , 3 0 0 0 , 3 0 0 0 , 3 0 0 0 , 3 0 0 0 , 3 0 0 0 , 3 0 0 0 , 1 0 0 0 , 1 0 0 0 , 1 0 0 0 , 1 0 0 0 , 1 0 0 0 , 1 0 0 0 , 1 0 0 0 , 1 0 0 0 , 1 0 0 0 , 1 0 0 0 , 1 0 0 0 , 1 0 0 0 , 1 0 0 0 , 1 0 0 0 , 1 0 0 0 , 1 0 0 0 , 1 0 0 0 , 1 0 0 0 , 1 0 0 0 , 1 0 0 0 , 1 0 0 0 , 1 0 0 0 , 1 0 0 0 , 1 0 0 0 , 1 0 0 0 , 1 0 0 0 , 1 0 0 0 , 1 0 0 0 , 2 0 0 0 , 2 0 0 0 , 1 0 0 0 , 1 0 0 0 , 1 0 0 0 , 1 0 0 0 , 1 0 0 0 , 2 0 0 0 , 2 0 0 0 , 2 0 0 0 , 2 0 0 0 , 2 0 0 0 , 2 0 0 0 , 2 0 0 0 , 2 0 0 0 , 1 0 0 0 , 1 0 0 0 , 1 0 0 0 , 1 0 0 0 , 1 0 0 0 , 1 0 0 0 , 1 0 0 0 , 1 0 0 0 , 1 0 0 0 , 3 0 0 0 , 3 0 0 0 , 3 0 0 0 , 1 0 0 0 , 3 0 0 0 , 3 0 0 0 , 3 0 0 0 , 3 0 0 0 , 1 0 0 0 , 1 0 0 0 , 1 0 0 0 , 1 0 0 0 , 1 0 0 0 , 1 0 0 0 , 1 0 0 0 , 1 0 0 0 , 1 0 0 0 , 1 0 0 0 , 1 0 0 0 , 1 0 0 0 , 1 0 0 0 , 1 0 0 0 , 1 0 0 0 , 1 0 0 0 , 1 0 0 0 , 1 0 0 0 , 1 0 0 0 , 1 0 0 0 , 1 0 0 0 , 1 0 0 0 , 1 0 0 0 , 1 0 0 0 , 1 0 0 0 , 1 0 0 0 , 1 0 0 0 , 1 0 0 0 , 2 0 0 0 , 2 0 0 0 , 1 0 0 0 , 1 0 0 0 , 1 0 0 0 , 1 0 0 0 , 1 0 0 0 , 2 0 0 0 , 2 0 0 0 , 2 0 0 0 , 2 0 0 0 , 2 0 0 0 , 2 0 0 0 , 2 0 0 0 , 2 0 0 0 , 2 0 0 0 , 2 0 0 0 , 2 0 0 0 , 2 0 0 0 , 1 0 0 0 , 1 0 0 0 , 1 0 0 0 , 1 0 0 0 , 1 0 0 0 , 3 0 0 0 , 3 0 0 0 , 1 0 0 0 , 1 0 0 0 , 3 0 0 0 , 3 0 0 0 , 3 0 0 0 , 3 0 0 0 , 1 0 0 0 , 1 0 0 0 , 1 0 0 0 , 1 0 0 0 , 1 0 0 0 , 1 0 0 0 , 1 0 0 0 , 1 0 0 0 , 1 0 0 0 , 1 0 0 0 , 1 0 0 0 , 1 0 0 0 , 1 0 0 0 , 1 0 0 0 , 1 0 0 0 , 1 0 0 0 , 1 0 0 0 , 1 0 0 0 , 1 0 0 0 , 1 0 0 0 , 1 0 0 0 , 1 0 0 0 , 1 0 0 0 , 1 0 0 0 , 1 0 0 0 , 1 0 0 0 , 1 0 0 0 , 1 0 0 0 , 2 0 0 0 , 2 0 0 0 , 1 0 0 0 , 1 0 0 0 , 1 0 0 0 , 1 0 0 0 , 1 0 0 0 , 2 0 0 0 , 2 0 0 0 , 2 0 0 0 , 2 0 0 0 , 2 0 0 0 , 2 0 0 0 , 2 0 0 0 , 2 0 0 0 , 2 0 0 0 , 2 0 0 0 , 2 0 0 0 , 2 0 0 0 , 2 0 0 0 , 2 0 0 0 , 1 0 0 0 , 1 0 0 0 , 3 0 0 0 , 3 0 0 0 , 3 0 0 0 , 1 0 0 0 , 1 0 0 0 , 1 0 0 0 , 3 0 0 0 , 3 0 0 0 , 3 0 0 0 , 3 0 0 0 , 1 0 0 0 , 1 0 0 0 , 1 0 0 0 , 1 0 0 0 , 1 0 0 0 , 1 0 0 0 , 1 0 0 0 , 1 0 0 0 , 1 0 0 0 , 1 0 0 0 , 1 0 0 0 , 1 0 0 0 , 1 0 0 0 , 1 0 0 0 , 1 0 0 0 , 1 0 0 0 , 1 0 0 0 , 1 0 0 0 , 1 0 0 0 , 1 0 0 0 , 1 0 0 0 , 1 0 0 0 , 1 0 0 0 , 1 0 0 0 , 1 0 0 0 , 1 0 0 0 , 1 0 0 0 , 2 0 0 0 , 2 0 0 0 , 2 0 0 0 , 1 0 0 0 , 1 0 0 0 , 1 0 0 0 , 1 0 0 0 , 2 0 0 0 , 2 0 0 0 , 2 0 0 0 , 2 0 0 0 , 2 0 0 0 , 2 0 0 0 , 2 0 0 0 , 2 0 0 0 , 2 0 0 0 , 2 0 0 0 , 2 0 0 0 , 2 0 0 0 , 2 0 0 0 , 2 0 0 0 , 1 0 0 0 , 1 0 0 0 , 3 0 0 0 , 3 0 0 0 , 3 0 0 0 , 1 0 0 0 , 1 0 0 0 , 1 0 0 0 , 1 0 0 0 , 3 0 0 0 , 3 0 0 0 , 3 0 0 0 , 1 0 0 0 , 1 0 0 0 , 1 0 0 0 , 1 0 0 0 , 1 0 0 0 , 1 0 0 0 , 1 0 0 0 , 1 0 0 0 , 1 0 0 0 , 1 0 0 0 , 1 0 0 0 , 1 0 0 0 , 1 0 0 0 , 1 0 0 0 , 1 0 0 0 , 1 0 0 0 , 1 0 0 0 , 1 0 0 0 , 1 0 0 0 , 1 0 0 0 , 1 0 0 0 , 1 0 0 0 , 1 0 0 0 , 1 0 0 0 , 1 0 0 0 , 1 0 0 0 , 5 0 0 0 , 2 0 0 0 , 2 0 0 0 , 2 0 0 0 , 1 0 0 0 , 1 0 0 0 , 1 0 0 0 , 1 0 0 0 , 1 0 0 0 , 2 0 0 0 , 2 0 0 0 , 2 0 0 0 , 2 0 0 0 , 2 0 0 0 , 2 0 0 0 , 2 0 0 0 , 2 0 0 0 , 2 0 0 0 , 2 0 0 0 , 2 0 0 0 , 2 0 0 0 , 2 0 0 0 , 1 0 0 0 , 1 0 0 0 , 3 0 0 0 , 3 0 0 0 , 3 0 0 0 , 3 0 0 0 , 1 0 0 0 , 1 0 0 0 , 1 0 0 0 , 3 0 0 0 , 3 0 0 0 , 3 0 0 0 , 3 0 0 0 , 1 0 0 0 , 1 0 0 0 , 1 0 0 0 , 1 0 0 0 , 1 0 0 0 , 1 0 0 0 , 1 0 0 0 , 1 0 0 0 , 1 0 0 0 , 1 0 0 0 , 1 0 0 0 , 1 0 0 0 , 1 0 0 0 , 1 0 0 0 , 1 0 0 0 , 1 0 0 0 , 1 0 0 0 , 1 0 0 0 , 1 0 0 0 , 1 0 0 0 , 1 0 0 0 , 1 0 0 0 , 1 0 0 0 , 1 0 0 0 , 5 0 0 0 , 5 0 0 0 , 2 0 0 0 , 2 0 0 0 , 2 0 0 0 , 1 0 0 0 , 1 0 0 0 , 1 0 0 0 , 1 0 0 0 , 1 0 0 0 , 1 0 0 0 , 1 0 0 0 , 2 0 0 0 , 2 0 0 0 , 2 0 0 0 , 2 0 0 0 , 2 0 0 0 , 2 0 0 0 , 2 0 0 0 , 2 0 0 0 , 2 0 0 0 , 2 0 0 0 , 2 0 0 0 , 1 0 0 0 , 1 0 0 0 , 3 0 0 0 , 3 0 0 0 , 3 0 0 0 , 3 0 0 0 , 1 0 0 0 , 1 0 0 0 , 1 0 0 0 , 1 0 0 0 , 3 0 0 0 , 3 0 0 0 , 3 0 0 0 , 3 0 0 0 , 1 0 0 0 , 1 0 0 0 , 1 0 0 0 , 1 0 0 0 , 1 0 0 0 , 1 0 0 0 , 1 0 0 0 , 1 0 0 0 , 1 0 0 0 , 1 0 0 0 , 1 0 0 0 , 1 0 0 0 , 1 0 0 0 , 1 0 0 0 , 1 0 0 0 , 1 0 0 0 , 1 0 0 0 , 1 0 0 0 , 1 0 0 0 , 1 0 0 0 , 1 0 0 0 , 1 0 0 0 , 5 0 0 0 , 5 0 0 0 , 5 0 0 0 , 2 0 0 0 , 2 0 0 0 , 2 0 0 0 , 2 0 0 0 , 1 0 0 0 , 1 0 0 0 , 1 0 0 0 , 1 0 0 0 , 1 0 0 0 , 1 0 0 0 , 1 0 0 0 , 1 0 0 0 , 1 0 0 0 , 2 0 0 0 , 2 0 0 0 , 2 0 0 0 , 2 0 0 0 , 2 0 0 0 , 2 0 0 0 , 2 0 0 0 , 1 0 0 0 , 1 0 0 0 , 1 0 0 0 , 3 0 0 0 , 3 0 0 0 , 3 0 0 0 , 3 0 0 0 , 1 0 0 0 , 1 0 0 0 , 1 0 0 0 , 1 0 0 0 , 1 0 0 0 , 3 0 0 0 , 3 0 0 0 , 3 0 0 0 , 3 0 0 0 , 1 0 0 0 , 1 0 0 0 , 1 0 0 0 , 1 0 0 0 , 1 0 0 0 , 1 0 0 0 , 1 0 0 0 , 1 0 0 0 , 1 0 0 0 , 1 0 0 0 , 1 0 0 0 , 1 0 0 0 , 1 0 0 0 , 1 0 0 0 , 1 0 0 0 , 1 0 0 0 , 1 0 0 0 , 1 0 0 0 , 1 0 0 0 , 1 0 0 0 , 1 0 0 0 , 5 0 0 0 , 5 0 0 0 , 5 0 0 0 , 2 0 0 0 , 2 0 0 0 , 2 0 0 0 , 2 0 0 0 , 2 0 0 0 , 1 0 0 0 , 1 0 0 0 , 1 0 0 0 , 1 0 0 0 , 1 0 0 0 , 1 0 0 0 , 1 0 0 0 , 1 0 0 0 , 1 0 0 0 , 1 0 0 0 , 1 0 0 0 , 1 0 0 0 , 1 0 0 0 , 1 0 0 0 , 1 0 0 0 , 1 0 0 0 , 1 0 0 0 , 1 0 0 0 , 1 0 0 0 , 3 0 0 0 , 3 0 0 0 , 3 0 0 0 , 1 0 0 0 , 1 0 0 0 , 1 0 0 0 , 1 0 0 0 , 1 0 0 0 , 3 0 0 0 , 3 0 0 0 , 3 0 0 0 , 3 0 0 0 , 3 0 0 0 , 1 0 0 0 , 1 0 0 0 , 1 0 0 0 , 1 0 0 0 , 1 0 0 0 , 1 0 0 0 , 1 0 0 0 , 1 0 0 0 , 1 0 0 0 , 1 0 0 0 , 1 0 0 0 , 1 0 0 0 , 1 0 0 0 , 1 0 0 0 , 1 0 0 0 , 1 0 0 0 , 1 0 0 0 , 1 0 0 0 , 1 0 0 0 , 5 0 0 0 , 5 0 0 0 , 5 0 0 0 , 5 0 0 0 , 2 0 0 0 , 2 0 0 0 , 2 0 0 0 , 1 0 0 0 , 2 0 0 0 , 2 0 0 0 , 1 0 0 0 , 1 0 0 0 , 1 0 0 0 , 1 0 0 0 , 1 0 0 0 , 1 0 0 0 , 1 0 0 0 , 1 0 0 0 , 1 0 0 0 , 1 0 0 0 , 1 0 0 0 , 1 0 0 0 , 1 0 0 0 , 1 0 0 0 , 1 0 0 0 , 1 0 0 0 , 1 0 0 0 , 3 0 0 0 , 3 0 0 0 , 3 0 0 0 , 3 0 0 0 , 1 0 0 0 , 1 0 0 0 , 1 0 0 0 , 1 0 0 0 , 1 0 0 0 , 1 0 0 0 , 3 0 0 0 , 3 0 0 0 , 3 0 0 0 , 3 0 0 0 , 1 0 0 0 , 1 0 0 0 , 1 0 0 0 , 1 0 0 0 , 1 0 0 0 , 1 0 0 0 , 1 0 0 0 , 1 0 0 0 , 1 0 0 0 , 1 0 0 0 , 1 0 0 0 , 1 0 0 0 , 1 0 0 0 , 1 0 0 0 , 1 0 0 0 , 1 0 0 0 , 1 0 0 0 , 1 0 0 0 , 1 0 0 0 , 5 0 0 0 , 5 0 0 0 , 5 0 0 0 , 5 0 0 0 , 2 0 0 0 , 2 0 0 0 , 1 0 0 0 , 1 0 0 0 , 2 0 0 0 , 2 0 0 0 , 2 0 0 0 , 1 0 0 0 , 1 0 0 0 , 1 0 0 0 , 1 0 0 0 , 1 0 0 0 , 1 0 0 0 , 1 0 0 0 , 1 0 0 0 , 1 0 0 0 , 1 0 0 0 , 1 0 0 0 , 1 0 0 0 , 1 0 0 0 , 1 0 0 0 , 1 0 0 0 , 1 0 0 0 , 3 0 0 0 , 3 0 0 0 , 3 0 0 0 , 1 0 0 0 , 1 0 0 0 , 1 0 0 0 , 1 0 0 0 , 1 0 0 0 , 1 0 0 0 , 1 0 0 0 , 1 0 0 0 , 3 0 0 0 , 3 0 0 0 , 3 0 0 0 , 3 0 0 0 , 1 0 0 0 , 1 0 0 0 , 1 0 0 0 , 1 0 0 0 , 1 0 0 0 , 1 0 0 0 , 1 0 0 0 , 1 0 0 0 , 1 0 0 0 , 1 0 0 0 , 1 0 0 0 , 1 0 0 0 , 1 0 0 0 , 1 0 0 0 , 1 0 0 0 , 1 0 0 0 , 1 0 0 0 , 1 0 0 0 , 5 0 0 0 , 5 0 0 0 , 5 0 0 0 , 2 0 0 0 , 2 0 0 0 , 2 0 0 0 , 1 0 0 0 , 1 0 0 0 , 2 0 0 0 , 2 0 0 0 , 2 0 0 0 , 1 0 0 0 , 1 0 0 0 , 1 0 0 0 , 1 0 0 0 , 1 0 0 0 , 1 0 0 0 , 1 0 0 0 , 1 0 0 0 , 1 0 0 0 , 1 0 0 0 , 1 0 0 0 , 1 0 0 0 , 1 0 0 0 , 1 0 0 0 , 1 0 0 0 , 1 0 0 0 , 3 0 0 0 , 3 0 0 0 , 3 0 0 0 , 1 0 0 0 , 1 0 0 0 , 1 0 0 0 , 1 0 0 0 , 1 0 0 0 , 1 0 0 0 , 1 0 0 0 , 1 0 0 0 , 1 0 0 0 , 3 0 0 0 , 3 0 0 0 , 3 0 0 0 , 3 0 0 0 , 1 0 0 0 , 1 0 0 0 , 1 0 0 0 , 1 0 0 0 , 1 0 0 0 , 1 0 0 0 , 1 0 0 0 , 1 0 0 0 , 1 0 0 0 , 1 0 0 0 , 1 0 0 0 , 1 0 0 0 , 1 0 0 0 , 1 0 0 0 , 1 0 0 0 , 1 0 0 0 , 1 0 0 0 , 2 0 0 0 , 2 0 0 0 , 2 0 0 0 , 2 0 0 0 , 1 0 0 0 , 2 0 0 0 , 2 0 0 0 , 2 0 0 0 , 1 0 0 0 , 2 0 0 0 , 1 0 0 0 , 1 0 0 0 , 1 0 0 0 , 1 0 0 0 , 1 0 0 0 , 1 0 0 0 , 1 0 0 0 , 1 0 0 0 , 1 0 0 0 , 1 0 0 0 , 1 0 0 0 , 1 0 0 0 , 1 0 0 0 , 1 0 0 0 , 1 0 0 0 , 1 0 0 0 , 1 0 0 0 , 3 0 0 0 , 3 0 0 0 , 3 0 0 0 , 1 0 0 0 , 1 0 0 0 , 1 0 0 0 , 1 0 0 0 , 1 0 0 0 , 1 0 0 0 , 1 0 0 0 , 1 0 0 0 , 1 0 0 0 , 1 0 0 0 , 3 0 0 0 , 3 0 0 0 , 3 0 0 0 , 3 0 0 0 , 1 0 0 0 , 1 0 0 0 , 1 0 0 0 , 1 0 0 0 , 1 0 0 0 , 1 0 0 0 , 1 0 0 0 , 1 0 0 0 , 1 0 0 0 , 1 0 0 0 , 1 0 0 0 , 1 0 0 0 , 1 0 0 0 , 1 0 0 0 , 1 0 0 0 , 2 0 0 0 , 2 0 0 0 , 2 0 0 0 , 2 0 0 0 , 2 0 0 0 , 1 0 0 0 , 2 0 0 0 , 2 0 0 0 , 2 0 0 0 , 1 0 0 0 , 1 0 0 0 , 1 0 0 0 , 1 0 0 0 , 1 0 0 0 , 1 0 0 0 , 1 0 0 0 , 1 0 0 0 , 1 0 0 0 , 1 0 0 0 , 1 0 0 0 , 1 0 0 0 , 1 0 0 0 , 1 0 0 0 , 1 0 0 0 , 1 0 0 0 , 1 0 0 0 , 1 0 0 0 , 1 0 0 0 , 3 0 0 0 , 3 0 0 0 , 3 0 0 0 , 1 0 0 0 , 1 0 0 0 , 1 0 0 0 , 1 0 0 0 , 1 0 0 0 , 1 0 0 0 , 1 0 0 0 , 1 0 0 0 , 1 0 0 0 , 1 0 0 0 , 1 0 0 0 , 3 0 0 0 , 3 0 0 0 , 3 0 0 0 , 3 0 0 0 , 1 0 0 0 , 1 0 0 0 , 1 0 0 0 , 1 0 0 0 , 1 0 0 0 , 1 0 0 0 , 1 0 0 0 , 1 0 0 0 , 1 0 0 0 , 1 0 0 0 , 1 0 0 0 , 1 0 0 0 , 1 0 0 0 , 1 0 0 0 , 2 0 0 0 , 2 0 0 0 , 2 0 0 0 , 2 0 0 0 , 2 0 0 0 , 1 0 0 0 , 1 0 0 0 , 2 0 0 0 , 2 0 0 0 , 1 0 0 0 , 1 0 0 0 , 1 0 0 0 , 1 0 0 0 , 1 0 0 0 , 1 0 0 0 , 1 0 0 0 , 1 0 0 0 , 1 0 0 0 , 1 0 0 0 , 1 0 0 0 , 1 0 0 0 , 1 0 0 0 , 1 0 0 0 , 1 0 0 0 , 1 0 0 0 , 1 0 0 0 , 1 0 0 0 , 3 0 0 0 , 3 0 0 0 , 3 0 0 0 , 1 0 0 0 , 1 0 0 0 , 1 0 0 0 , 1 0 0 0 , 1 0 0 0 , 1 0 0 0 , 1 0 0 0 , 1 0 0 0 , 1 0 0 0 , 1 0 0 0 , 1 0 0 0 , 1 0 0 0 , 1 0 0 0 , 3 0 0 0 , 3 0 0 0 , 3 0 0 0 , 3 0 0 0 , 1 0 0 0 , 1 0 0 0 , 1 0 0 0 , 1 0 0 0 , 1 0 0 0 , 1 0 0 0 , 1 0 0 0 , 1 0 0 0 , 1 0 0 0 , 1 0 0 0 , 1 0 0 0 , 1 0 0 0 , 1 0 0 0 , 2 0 0 0 , 2 0 0 0 , 2 0 0 0 , 2 0 0 0 , 2 0 0 0 , 1 0 0 0 , 1 0 0 0 , 1 0 0 0 , 1 0 0 0 , 1 0 0 0 , 1 0 0 0 , 1 0 0 0 , 1 0 0 0 , 1 0 0 0 , 1 0 0 0 , 1 0 0 0 , 1 0 0 0 , 1 0 0 0 , 1 0 0 0 , 1 0 0 0 , 1 0 0 0 , 1 0 0 0 , 1 0 0 0 , 1 0 0 0 , 1 0 0 0 , 1 0 0 0 , 1 0 0 0 , 3 0 0 0 , 3 0 0 0 , 3 0 0 0 , 1 0 0 0 , 1 0 0 0 , 1 0 0 0 , 1 0 0 0 , 1 0 0 0 , 1 0 0 0 , 1 0 0 0 , 1 0 0 0 , 1 0 0 0 , 1 0 0 0 , 1 0 0 0 , 1 0 0 0 , 1 0 0 0 , 1 0 0 0 , 1 0 0 0 , 3 0 0 0 , 3 0 0 0 , 1 0 0 0 , 1 0 0 0 , 1 0 0 0 , 1 0 0 0 , 1 0 0 0 , 1 0 0 0 , 1 0 0 0 , 1 0 0 0 , 1 0 0 0 , 1 0 0 0 , 1 0 0 0 , 1 0 0 0 , 2 0 0 0 , 2 0 0 0 , 2 0 0 0 , 2 0 0 0 , 2 0 0 0 , 2 0 0 0 , 
[END]
[INVENTORY]
[END]
